1000 1010
2 564
4 384
6 352
7 74
7 287
7 598
11 18
11 319
12 46
13 24
13 127
13 317
13 457
14 303
16 604
17 126
17 252
17 254
18 400
19 102
19 335
19 374
20 78
21 62
21 93
22 25
22 173
22 189
25 325
27 477
28 194
30 432
31 356
32 442
34 21
34 129
34 202
34 248
35 435
36 71
36 490
40 102
40 193
42 38
44 348
44 353
47 2
47 271
47 336
48 249
48 312
48 489
50 67
50 153
51 67
51 495
53 195
53 473
54 495
55 43
55 249
55 499
56 370
57 324
57 466
59 418
60 378
61 296
62 289
63 395
63 400
66 279
67 189
67 214
67 384
68 201
69 16
69 140
72 173
73 137
74 449
75 426
75 445
78 111
79 203
80 50
82 67
82 199
84 118
85 269
85 424
88 156
88 355
89 51
89 391
89 399
92 438
93 367
94 224
94 246
96 392
99 7
99 249
100 277
100 416
101 41
101 126
101 274
104 134
106 484
107 444
108 59
108 356
109 42
109 560
110 120
111 395
112 31
112 188
112 270
112 415
114 101
114 162
117 126
118 347
119 6
119 162
124 390
124 459
125 121
125 331
125 368
126 70
126 84
126 355
128 222
128 336
129 335
131 157
131 202
131 459
133 421
133 453
134 143
135 192
138 76
139 231
140 49
140 161
146 87
146 127
148 436
149 67
149 459
151 138
151 184
152 107
152 373
152 387
153 382
157 18
158 9
159 455
161 206
161 228
162 415
166 60
168 70
168 100
168 164
170 177
171 29
171 167
172 295
175 111
176 290
176 474
177 163
179 116
180 163
183 339
185 19
186 8
187 21
188 177
188 361
189 430
193 231
193 242
194 449
197 203
197 455
200 39
201 108
203 102
204 473
206 461
207 1
208 2
208 229
208 276
210 67
210 408
212 10
213 262
213 402
215 74
216 116
217 201
217 212
221 311
221 482
222 165
222 339
222 478
223 181
223 297
223 375
224 164
224 369
225 255
225 555
228 361
229 52
229 138
229 330
230 191
230 507
231 441
233 467
235 335
240 131
241 170
241 623
243 411
243 428
244 410
247 65
249 376
250 201
250 373
251 60
251 144
251 203
251 264
251 381
256 63
256 141
256 165
256 167
263 250
264 441
265 208
269 221
270 41
270 207
270 489
271 397
273 247
273 463
275 192
276 12
277 245
277 391
277 450
281 186
281 381
282 362
284 305
285 195
285 271
287 40
287 86
287 342
287 489
291 323
291 432
292 243
293 502
295 81
295 109
296 251
296 307
297 118
297 126
297 235
297 308
297 363
300 266
300 401
302 21
302 42
302 59
305 144
305 345
306 128
306 177
307 67
307 202
308 26
308 306
309 40
313 388
314 364
315 327
317 32
319 82
319 151
320 4
320 214
321 22
321 142
322 364
323 222
324 492
325 152
325 168
325 485
327 84
328 249
330 33
330 145
330 206
331 142
331 431
332 19
332 54
333 112
333 492
336 361
337 70
338 236
339 86
340 13
340 257
342 21
344 382
345 104
345 334
345 367
346 277
346 411
347 275
348 328
350 190
350 484
351 117
351 236
352 334
352 381
353 52
353 171
354 181
355 251
355 474
356 335
356 345
357 39
358 378
358 439
359 180
359 372
360 139
362 392
363 161
365 79
366 585
368 87
368 313
368 475
369 207
371 233
371 284
371 453
372 196
373 251
373 252
374 59
374 255
374 318
375 54
375 415
376 141
376 349
380 194
381 463
383 476
385 146
386 36
386 435
387 174
388 231
388 491
389 142
390 241
391 551
392 206
393 182
393 259
394 313
395 300
397 420
400 125
402 43
402 284
402 465
403 426
404 194
404 455
405 380
407 406
409 465
409 486
409 491
411 488
413 236
415 221
417 237
417 331
418 381
419 219
420 336
420 475
421 16
421 163
421 398
422 219
423 60
426 87
426 333
427 12
427 169
427 328
428 94
428 360
429 491
430 104
431 313
432 108
432 294
433 333
433 468
434 74
435 217
436 462
438 113
440 130
440 309
441 74
443 128
445 139
446 209
447 31
447 268
447 392
449 121
449 190
449 231
450 275
451 361
452 213
453 407
455 311
458 14
458 20
458 244
459 49
460 375
460 451
462 175
464 189
464 294
464 469
465 290
466 483
469 123
471 360
472 276
472 315
473 5
473 43
474 272
475 40
475 380
476 174
476 352
478 129
480 31
480 37
481 110
482 289
485 247
485 261
485 279
485 373
485 375
487 106
487 189
488 496
493 261
493 489
496 96
497 337
499 18
499 39
499 105
500 387
501 504
501 523
502 528
502 543
502 561
503 593
504 597
505 502
507 549
507 635
510 613
511 590
512 575
512 580
514 618
517 503
518 567
519 516
519 579
519 605
520 563
524 587
524 636
525 518
526 560
526 587
527 628
529 584
529 623
530 591
530 616
531 573
531 594
532 572
534 515
534 618
535 609
535 643
536 598
537 645
538 613
540 514
542 637
544 519
545 551
545 564
545 648
546 610
546 624
549 511
549 529
549 583
551 607
552 559
552 568
558 575
559 646
560 581
561 638
563 596
563 646
566 646
569 625
570 575
570 646
571 575
572 553
572 632
572 641
573 636
574 585
574 613
574 650
575 582
575 614
577 545
577 587
577 641
578 515
578 528
579 525
579 569
579 591
579 650
583 502
584 562
584 606
585 556
590 585
590 595
590 649
591 610
592 649
594 629
594 631
595 644
597 512
597 596
598 542
602 531
602 573
602 587
603 562
607 549
607 608
609 547
610 637
613 605
614 532
614 577
615 506
615 545
616 524
616 532
616 606
616 625
618 521
618 562
618 642
620 531
620 600
620 636
621 516
623 557
624 518
624 543
624 635
626 502
627 631
627 642
628 519
628 528
629 559
630 633
631 630
633 540
633 586
633 639
639 636
640 642
641 598
643 555
645 529
647 520
647 611
648 519
648 588
648 642
651 822
651 875
653 658
653 796
654 866
655 651
656 919
657 888
658 777
658 826
659 704
659 836
659 949
660 888
661 917
663 698
663 784
664 726
664 882
664 949
665 839
666 685
666 714
671 735
671 764
671 909
672 757
672 834
672 928
673 807
674 806
674 920
674 923
675 852
675 942
677 909
681 705
681 940
682 787
684 716
685 718
687 867
689 838
690 846
691 761
692 702
692 739
693 692
694 662
694 753
694 895
695 934
696 932
698 778
699 678
700 802
700 847
701 845
701 926
702 830
704 875
704 910
704 916
705 806
706 781
707 674
707 888
708 687
708 774
710 905
711 764
711 765
711 940
712 761
716 904
717 760
717 872
719 942
720 711
721 914
722 835
723 668
724 945
727 781
727 882
727 935
728 703
728 733
728 806
729 781
730 695
730 801
731 666
731 801
732 795
734 755
735 889
736 723
736 872
737 669
738 749
738 832
738 843
738 867
739 678
739 840
740 836
743 715
744 694
744 759
745 772
745 860
747 661
749 718
750 783
752 736
753 652
754 729
754 772
754 919
756 678
757 791
757 930
757 943
759 734
759 850
759 873
760 806
760 840
760 843
761 775
764 845
765 681
765 846
766 725
768 801
769 701
769 928
771 769
773 818
774 815
776 927
777 731
778 938
779 661
779 816
780 807
781 858
782 890
784 682
785 891
785 900
786 733
787 706
788 728
789 733
789 761
791 684
791 707
792 919
796 514
797 907
798 549
798 731
799 673
799 902
801 550
801 676
801 826
801 860
802 825
803 711
803 805
803 811
804 893
805 670
806 715
806 861
807 875
808 762
808 938
813 818
815 732
816 691
816 782
817 713
817 828
817 931
818 564
821 911
821 948
824 663
825 831
826 837
826 910
827 726
828 900
830 684
830 729
830 809
831 836
832 750
832 803
833 839
834 718
835 783
835 920
836 662
837 739
837 788
837 886
839 845
841 724
842 669
842 828
842 908
842 948
845 761
845 807
846 654
846 840
849 667
849 807
850 820
850 828
852 674
852 788
853 687
854 643
854 757
857 836
857 879
859 665
861 893
862 850
864 767
865 773
866 773
866 907
868 817
870 729
870 783
871 710
871 760
873 708
873 939
874 731
874 759
877 598
877 872
878 671
880 808
881 745
887 904
889 908
892 798
894 725
894 869
895 762
895 818
896 800
896 812
897 943
898 913
899 693
900 752
900 945
903 932
907 680
907 933
908 657
909 817
909 859
911 875
912 790
914 589
919 721
920 520
922 914
923 682
923 861
925 741
925 843
925 917
926 784
926 844
929 602
929 848
929 878
931 683
931 714
931 902
932 838
933 902
934 823
935 863
937 792
937 925
938 782
941 781
941 939
942 705
945 594
945 755
947 919
948 730
948 864
952 976
952 983
954 979
958 955
958 966
958 994
959 958
959 967
960 976
961 964
963 971
963 992
964 956
965 982
966 986
968 982
970 1000
971 953
971 979
973 991
973 993
974 972
974 979
974 998
975 991
977 981
978 985
979 960
980 970
980 985
981 952
981 963
983 995
984 967
984 987
986 955
986 958
987 965
988 983
989 993
989 1000
990 977
995 984
998 973
999 974
999 985
999 1000
1000 981
